9241421688590303744
134480384
262656
262656
68853957120
134480384
262656
262656
512
512
512
512
512
512
512
512
18049651735527936
134480384
262656
262656
68853957120
134480384
262656
262656
512
512
512
512
512
512
512
512
35253226045952
134480384
262656
262656
68853957120
134480384
262656
262656
512
512
512
512
512
512
512
512
35253226045952
134480384
262656
262656
68853957120
134480384
262656
262656
512
512
512
512
512
512
512
512
---
36099303471056128
268961024
137707914496
268961024
525568
525568
525568
525568
1280
1280
1280
1280
1280
1280
1280
1280
70506452092160
268961024
137707914496
268961024
525568
525568
525568
525568
1280
1280
1280
1280
1280
1280
1280
1280
---
141012904249856
275415828992
537987584
537922048
68096
2560
68096
2560
1116672
1051136
1116672
1051136
68096
2560
68096
2560
275415894528
141012904184320
537987584
537922048
68096
2560
68096
2560
1116672
1051136
1116672
1051136
68096
2560
68096
2560
---
550848566272
19010560
16913408
16913408
1075844096
2102272
5120
5120
550831789056
2233344
136192
136192
1092752384
19010560
16913408
16913408
550831657984
2102272
5120
5120
1075975168
2233344
136192
136192
550831657984
2102272
5120
5120
1075844096
2102272
5120
5120
---
6480472064
2151950336
2151688192
2151688192
2185504768
2151950336
2151688192
2151688192
4328794112
272384
10240
10240
33826816
272384
10240
10240
4332988416
4466688
4204544
4204544
38021120
4466688
4204544
4204544
4328794112
272384
10240
10240
33826816
272384
10240
10240
---
1108177604608
8665976832
8409088
8409088
8933376
8933376
8409088
8409088
1108169216000
8657588224
20480
20480
544768
544768
20480
20480
76042240
76042240
8409088
8409088
8933376
8933376
8409088
8409088
67653632
67653632
20480
20480
544768
544768
20480
20480
---
283691315142656
135307264
2216338432000
135307264
17315176448
135307264
17315176448
135307264
1089536
1089536
1089536
1089536
1089536
1089536
1089536
1089536
40960
40960
40960
40960
40960
40960
40960
40960
40960
40960
40960
40960
40960
40960
40960
40960
---
72624976668147712
34630287360
270548992
270548992
2113536
2113536
2113536
2113536
16384
16384
16384
16384
16384
16384
16384
16384
4432676798464
34630287360
270548992
270548992
2113536
2113536
2113536
2113536
16384
16384
16384
16384
16384
16384
16384
16384
567382630219776
34630287360
270548992
270548992
2113536
2113536
2113536
2113536
16384
16384
16384
16384
16384
16384
16384
16384
4432676798464
34630287360
270548992
270548992
2113536
2113536
2113536
2113536
16384
16384
16384
16384
16384
16384
16384
16384
---
4620710844295151618
9024825867763714
34426978306
34426978306
67239938
67239938
67239938
67239938
17626613022722
17626613022722
34426978306
34426978306
67239938
67239938
67239938
67239938
131074
131074
131074
131074
131074
131074
131074
131074
131074
131074
131074
131074
131074
131074
131074
131074
---
9241421688590368773
68854022149
18049651735592965
68854022149
35253226110981
68854022149
35253226110981
68854022149
327685
327685
327685
327685
327685
327685
327685
327685
134545413
134545413
134545413
134545413
134545413
134545413
134545413
134545413
327685
327685
327685
327685
327685
327685
327685
327685
---
36099303487963146
70506468999178
285868042
285868042
36099303471185930
70506452221962
269090826
269090826
137724821514
137724821514
285868042
285868042
137708044298
137708044298
269090826
269090826
17432586
17432586
17432586
17432586
655370
655370
655370
655370
17432586
17432586
17432586
17432586
655370
655370
655370
655370
---
141017232965652
34865172
141012904443924
1310740
4866703380
279744610324
538181652
275416088596
4329832468
4866703380
1310740
538181652
4329832468
4329832468
1310740
1310740
141012937998356
4329832468
141012904443924
1310740
571736084
275449643028
538181652
275416088596
34865172
571736084
1310740
538181652
34865172
34865172
1310740
1310740
---
1659000848424
550899286056
550832177192
550832177192
559489220648
550899286056
550832177192
550832177192
1108171292712
69730344
2621480
2621480
8659664936
69730344
2621480
2621480
1109245034536
1143472168
1076363304
1076363304
9733406760
1143472168
1076363304
1076363304
1108171292712
69730344
2621480
2621480
8659664936
69730344
2621480
2621480
---
283693466779728
139460688
5242960
2152726608
19466813520
2286944336
5242960
5242960
283691319296080
2286944336
2152726608
5242960
17319329872
139460688
2152726608
2152726608
2218490069072
139460688
5242960
2152726608
19466813520
2286944336
5242960
5242960
2216342585424
2286944336
2152726608
5242960
17319329872
139460688
2152726608
2152726608
---
72624976676520096
278921376
10485920
10485920
34638659744
278921376
10485920
10485920
4432685170848
278921376
10485920
10485920
34638659744
278921376
10485920
10485920
4432685170848
278921376
10485920
10485920
34638659744
278921376
10485920
10485920
567382638592160
278921376
10485920
10485920
34638659744
278921376
10485920
10485920
---
145249953336262720
541065280
8865353564224
541065280
4194368
4194368
4194368
4194368
69260542016
541065280
69260542016
541065280
4194368
4194368
4194368
4194368
1134765260406848
541065280
8865353564224
541065280
4194368
4194368
4194368
4194368
69260542016
541065280
69260542016
541065280
4194368
4194368
4194368
4194368
---
2310355422147510788
17213424132
33554944
33554944
33554948
33554948
8813306446340
17213424132
17213424128
4512412933816832
33554948
33554948
33554944
33554944
17213424128
8813306446336
17213424132
4512412933816836
33554944
33554944
33554948
33554948
17213424132
8813306446340
2310355422147510784
17213424128
33554948
33554948
33554944
33554944
8813306446336
17213424128
---
4620710844311799048
34443625736
83887360
83887360
9024825884411144
34443625736
83887360
83887360
4620710844311799040
34443625728
83887368
83887368
9024825884411136
34443625728
83887368
83887368
17626629670152
34443625736
83887360
83887360
17626629670152
34443625736
83887360
83887360
17626629670144
34443625728
83887368
83887368
17626629670144
34443625728
83887368
83887368
---
9241421692918565393
35257554307601
68887251456
68887251456
18049656063789585
35257554307601
68887251456
68887251456
9241421692918565392
35257554307600
73182218769
73182218769
18049656063789584
35257554307600
73182218769
73182218769
167774737
167774737
73182218768
73182218768
167774737
167774737
73182218768
73182218768
167774736
167774736
167774737
167774737
167774736
167774736
167774737
167774737
9241421692918565377
35257554307585
167774736
167774736
18049656063789569
35257554307585
167774736
167774736
9241421692918565376
35257554307584
73182218753
73182218753
18049656063789568
35257554307584
73182218753
73182218753
167774721
167774721
73182218752
73182218752
167774721
167774721
73182218752
73182218752
167774720
167774720
167774721
167774721
167774720
167774720
167774721
167774721
4462742033
4462742033
167774720
167774720
4462742033
4462742033
167774720
167774720
4462742032
4462742032
4462742033
4462742033
4462742032
4462742032
4462742033
4462742033
9241421688623598097
35253259340305
4462742032
4462742032
18049651768822289
35253259340305
4462742032
4462742032
9241421688623598096
35253259340304
68887251473
68887251473
18049651768822288
35253259340304
68887251473
68887251473
4462742017
4462742017
68887251472
68887251472
4462742017
4462742017
68887251472
68887251472
4462742016
4462742016
4462742017
4462742017
4462742016
4462742016
4462742017
4462742017
9241421688623598081
35253259340289
4462742016
4462742016
18049651768822273
35253259340289
4462742016
4462742016
9241421688623598080
35253259340288
68887251457
68887251457
18049651768822272
35253259340288
68887251457
68887251457
---
36100411639206946
335549472
36099312127579170
335549472
71614620242978
1108437111810
70515108615202
8925484034
36100411639206944
1108437111810
36099312127579168
8925484034
71614620242976
1108437111808
70515108615200
8925484032
36099303537644578
1108437111808
36099303537644578
8925484032
70506518680610
335549442
70506518680610
335549442
36099303537644576
335549442
36099303537644576
335549442
70506518680608
335549440
70506518680608
335549440
36100411639206914
335549440
36099312127579138
335549440
71614620242946
1245876065314
70515108615170
146364437538
36100411639206912
1245876065314
36099312127579136
146364437538
71614620242944
1245876065312
70515108615168
146364437536
36099303537644546
1245876065312
36099303537644546
146364437536
70506518680578
137774502946
70506518680578
137774502946
36099303537644544
137774502946
36099303537644544
137774502946
70506518680576
137774502944
70506518680576
137774502944
1108437111842
137774502944
8925484066
137774502944
1108437111842
1245876065282
8925484066
146364437506
1108437111840
1245876065282
8925484064
146364437506
1108437111840
1245876065280
8925484064
146364437504
335549474
1245876065280
335549474
146364437504
335549474
137774502914
335549474
137774502914
335549472
137774502914
335549472
137774502914
335549472
137774502912
335549472
137774502912
1108437111810
137774502912
8925484034
137774502912
1108437111810
1108437111842
8925484034
8925484066
1108437111808
1108437111842
8925484032
8925484066
1108437111808
1108437111840
8925484032
8925484064
335549442
1108437111840
335549442
8925484064
335549442
335549474
335549442
335549474
335549440
335549474
335549440
335549474
335549440
335549472
335549440
335549472
---
424704217196612
17850968068
141013037361220
671098884
424704217196608
17850968064
141013037361216
671098880
283966728841284
283691850934340
275549005892
671098948
283966728841280
283691850934336
275549005888
671098944
424704217196548
283691850934340
141013037361156
671098948
424704217196544
283691850934336
141013037361152
671098944
283966728841220
283691850934276
275549005828
671098884
283966728841216
283691850934272
275549005824
671098880
141030217230404
283691850934276
141013037361220
671098884
141030217230400
283691850934272
141013037361216
671098880
292728875076
17850968132
275549005892
671098948
292728875072
17850968128
275549005888
671098944
141030217230340
17850968132
141013037361156
671098948
141030217230336
17850968128
141013037361152
671098944
292728875012
17850968068
275549005828
671098884
292728875008
17850968064
275549005824
671098880
143229240485956
17850968068
141013037361220
671098884
143229240485952
17850968064
141013037361216
671098880
2491752130628
2216874223684
275549005892
671098948
2491752130624
2216874223680
275549005888
671098944
143229240485892
2216874223684
141013037361156
671098948
143229240485888
2216874223680
141013037361152
671098944
2491752130564
2216874223620
275549005828
671098884
2491752130560
2216874223616
275549005824
671098880
141030217230404
2216874223620
141013037361220
671098884
141030217230400
2216874223616
141013037361216
671098880
292728875076
17850968132
275549005892
671098948
292728875072
17850968128
275549005888
671098944
141030217230340
17850968132
141013037361156
671098948
141030217230336
17850968128
141013037361152
671098944
292728875012
17850968068
275549005828
671098884
292728875008
17850968064
275549005824
671098880
---
72625527495610504
551098011656
72624977739796616
1342197768
585457750144
551098011648
35701936256
1342197760
567933457682568
551098011656
567383701868680
1342197768
585457750144
551098011648
35701936256
1342197760
72625527495610376
4983504261256
72624977739796488
4433748447368
585457750016
585457750144
35701936128
35701936256
567933457682440
4983504261256
567383701868552
4433748447368
585457750016
585457750144
35701936128
35701936256
551098011784
4983504261128
1342197896
4433748447240
551098011776
585457750016
1342197888
35701936128
551098011784
4983504261128
1342197896
4433748447240
551098011776
585457750016
1342197888
35701936128
551098011656
551098011784
1342197768
1342197896
551098011648
551098011776
1342197760
1342197888
551098011656
551098011784
1342197768
1342197896
551098011648
551098011776
1342197760
1342197888
585457750152
551098011656
35701936264
1342197768
72625527495610496
551098011648
72624977739796608
1342197760
585457750152
551098011656
35701936264
1342197768
567933457682560
551098011648
567383701868672
1342197760
585457750024
585457750152
35701936136
35701936264
72625527495610368
4983504261248
72624977739796480
4433748447360
585457750024
585457750152
35701936136
35701936264
567933457682432
4983504261248
567383701868544
4433748447360
551098011784
585457750024
1342197896
35701936136
551098011776
4983504261120
1342197888
4433748447232
551098011784
585457750024
1342197896
35701936136
551098011776
4983504261120
1342197888
4433748447232
551098011656
551098011784
1342197768
1342197896
551098011648
551098011776
1342197760
1342197888
551098011656
551098011784
1342197768
1342197896
551098011648
551098011776
1342197760
1342197888
---
145249955479592976
2684395520
71403872272
145249955479592960
1134767403737104
71403872256
71403872272
1134767403737088
8867496894480
71403872256
71403872272
8867496894464
8867496894480
71403872256
71403872272
8867496894464
2684395536
71403872256
2684395536
2684395520
2684395536
2684395520
2684395536
2684395520
2684395536
2684395520
2684395536
2684395520
2684395536
2684395520
2684395536
2684395520
---
290499906664153120
290499906664153088
1073758240
1073758208
2269530512441376
2269530512441344
1073758240
1073758208
138512711712
138512711680
1073758240
1073758208
138512711712
138512711680
1073758240
1073758208
1073758240
1073758208
17730698756128
17730698756096
1073758240
1073758208
17730698756128
17730698756096
1073758240
1073758208
138512711712
138512711680
1073758240
1073758208
138512711712
138512711680
---
1155177711057110024
8590066696
2256206450262016
8590065664
4406636577800
8590066696
4406636576768
8590065664
2256206450263048
8590066696
1155177711057110016
8590066688
4406636577800
8590066696
4406636577792
8590066688
1155177711057108992
8590065664
2256206450263040
8590066688
4406636576768
8590065664
4406636577792
8590066688
2256206450262016
8590065664
1155177711057108992
8590065664
4406636576768
8590065664
4406636576768
8590065664
---
2310355426409252880
8817568188432
2310355426409250816
8817568186368
4512417195558912
8817568188416
4512417195556864
8817568186368
21475166208
21475166208
21475164160
21475164160
4512417195558928
8817568188432
4512417195556864
8817568186368
21475166224
21475166224
21475164160
21475164160
21475166208
21475166208
21475164160
21475164160
2310355426409252864
8817568188416
2310355426409250816
8817568186368
21475166224
21475166224
21475164160
21475164160
---
4620711952330133792
1142461960224
4620711952330133760
1142461960192
4620711952330129664
1142461956096
4620711952330129664
1142461956096
1142461960480
18734648004640
1142461960448
18734648004608
1142461956352
18734648000512
1142461956352
18734648000512
42950332704
9024834391117856
42950332672
9024834391117824
42950328576
9024834391113728
42950328576
9024834391113728
42950332704
17635136376864
42950332672
17635136376832
42950328576
17635136372736
42950328576
17635136372736
9025933902745888
1142461960224
9025933902745856
1142461960192
9025933902741760
1142461956096
9025933902741760
1142461956096
18734648004896
1142461960224
18734648004864
1142461960192
18734648000768
1142461956096
18734648000768
1142461956096
4620710852818506016
42950332448
4620710852818505984
42950332416
4620710852818501888
42950328320
4620710852818501888
42950328320
42950332704
17635136376864
42950332672
17635136376832
42950328576
17635136372736
42950328576
17635136372736
1142461960480
4620711952330133536
1142461960448
4620711952330133504
1142461956352
4620711952330129408
1142461956352
4620711952330129408
18734648004896
1142461960224
18734648004864
1142461960192
18734648000768
1142461956096
18734648000768
1142461956096
9024834391118112
42950332448
9024834391118080
42950332416
9024834391113984
42950328320
9024834391113984
42950328320
17635136377120
42950332448
17635136377088
42950332416
17635136372992
42950328320
17635136372992
42950328320
1142461960480
9025933902745632
1142461960448
9025933902745600
1142461956352
9025933902741504
1142461956352
9025933902741504
1142461960480
18734648004640
1142461960448
18734648004608
1142461956352
18734648000512
1142461956352
18734648000512
42950332704
4620710852818505760
42950332672
4620710852818505728
42950328576
4620710852818501632
42950328576
4620710852818501632
17635136377120
42950332448
17635136377088
42950332416
17635136372992
42950328320
17635136372992
42950328320
---
9241705379636978241
9241705379636977728
9241423904660267585
9241423904660267072
9241705379636969985
9241705379636969472
9241423904660259329
9241423904660258816
9241705379636978240
9241705379636977728
9241423904660267584
9241423904660267072
9241705379636969984
9241705379636969472
9241423904660259328
9241423904660258816
18049668782236225
18049668782235712
18049668782236225
18049668782235712
18049668782227969
18049668782227456
18049668782227969
18049668782227456
18049668782236224
18049668782235712
18049668782236224
18049668782235712
18049668782227968
18049668782227456
18049668782227968
18049668782227456
318944272720449
318944272719936
37469296009793
37469296009280
318944272712193
318944272711680
37469296001537
37469296001024
318944272720448
318944272719936
37469296009792
37469296009280
318944272712192
318944272711680
37469296001536
37469296001024
35270272754241
35270272753728
35270272754241
35270272753728
35270272745985
35270272745472
35270272745985
35270272745472
35270272754240
35270272753728
35270272754240
35270272753728
35270272745984
35270272745472
35270272745984
35270272745472
283759900631617
283759900631104
2284923920961
2284923920448
283759900623361
283759900622848
2284923912705
2284923912192
283759900631616
283759900631104
2284923920960
2284923920448
283759900623360
283759900622848
2284923912704
2284923912192
85900665409
85900664896
85900665409
85900664896
85900657153
85900656640
85900657153
85900656640
85900665408
85900664896
85900665408
85900664896
85900657152
85900656640
85900657152
85900656640
283759900631617
283759900631104
2284923920961
2284923920448
283759900623361
283759900622848
2284923912705
2284923912192
283759900631616
283759900631104
2284923920960
2284923920448
283759900623360
283759900622848
2284923912704
2284923912192
85900665409
85900664896
85900665409
85900664896
85900657153
85900656640
85900657153
85900656640
85900665408
85900664896
85900665408
85900664896
85900657152
85900656640
85900657152
85900656640
9241705379636978177
9241705379636977664
9241423904660267521
9241423904660267008
9241705379636969985
9241705379636969472
9241423904660259329
9241423904660258816
9241705379636978176
9241705379636977664
9241423904660267520
9241423904660267008
9241705379636969984
9241705379636969472
9241423904660259328
9241423904660258816
18049668782236161
18049668782235648
18049668782236161
18049668782235648
18049668782227969
18049668782227456
18049668782227969
18049668782227456
18049668782236160
18049668782235648
18049668782236160
18049668782235648
18049668782227968
18049668782227456
18049668782227968
18049668782227456
318944272720385
318944272719872
37469296009729
37469296009216
318944272712193
318944272711680
37469296001537
37469296001024
318944272720384
318944272719872
37469296009728
37469296009216
318944272712192
318944272711680
37469296001536
37469296001024
35270272754177
35270272753664
35270272754177
35270272753664
35270272745985
35270272745472
35270272745985
35270272745472
35270272754176
35270272753664
35270272754176
35270272753664
35270272745984
35270272745472
35270272745984
35270272745472
283759900631553
283759900631040
2284923920897
2284923920384
283759900623361
283759900622848
2284923912705
2284923912192
283759900631552
283759900631040
2284923920896
2284923920384
283759900623360
283759900622848
2284923912704
2284923912192
85900665345
85900664832
85900665345
85900664832
85900657153
85900656640
85900657153
85900656640
85900665344
85900664832
85900665344
85900664832
85900657152
85900656640
85900657152
85900656640
283759900631553
283759900631040
2284923920897
2284923920384
283759900623361
283759900622848
2284923912705
2284923912192
283759900631552
283759900631040
2284923920896
2284923920384
283759900623360
283759900622848
2284923912704
2284923912192
85900665345
85900664832
85900665345
85900664832
85900657153
85900656640
85900657153
85900656640
85900665344
85900664832
85900665344
85900664832
85900657152
85900656640
85900657152
85900656640
18333342782202433
18333342782201920
18051867805491777
18051867805491264
18333342782194177
18333342782193664
18051867805483521
18051867805483008
18333342782202432
18333342782201920
18051867805491776
18051867805491264
18333342782194176
18333342782193664
18051867805483520
18051867805483008
9241421705637012033
9241421705637011520
9241421705637012033
9241421705637011520
9241421705637003777
9241421705637003264
9241421705637003777
9241421705637003264
9241421705637012032
9241421705637011520
9241421705637012032
9241421705637011520
9241421705637003776
9241421705637003264
9241421705637003776
9241421705637003264
318944272720449
318944272719936
37469296009793
37469296009280
318944272712193
318944272711680
37469296001537
37469296001024
318944272720448
318944272719936
37469296009792
37469296009280
318944272712192
318944272711680
37469296001536
37469296001024
35270272754241
35270272753728
35270272754241
35270272753728
35270272745985
35270272745472
35270272745985
35270272745472
35270272754240
35270272753728
35270272754240
35270272753728
35270272745984
35270272745472
35270272745984
35270272745472
283759900631617
283759900631104
2284923920961
2284923920448
283759900623361
283759900622848
2284923912705
2284923912192
283759900631616
283759900631104
2284923920960
2284923920448
283759900623360
283759900622848
2284923912704
2284923912192
85900665409
85900664896
85900665409
85900664896
85900657153
85900656640
85900657153
85900656640
85900665408
85900664896
85900665408
85900664896
85900657152
85900656640
85900657152
85900656640
283759900631617
283759900631104
2284923920961
2284923920448
283759900623361
283759900622848
2284923912705
2284923912192
283759900631616
283759900631104
2284923920960
2284923920448
283759900623360
283759900622848
2284923912704
2284923912192
85900665409
85900664896
85900665409
85900664896
85900657153
85900656640
85900657153
85900656640
85900665408
85900664896
85900665408
85900664896
85900657152
85900656640
85900657152
85900656640
18333342782202369
18333342782201856
18051867805491713
18051867805491200
18333342782194177
18333342782193664
18051867805483521
18051867805483008
18333342782202368
18333342782201856
18051867805491712
18051867805491200
18333342782194176
18333342782193664
18051867805483520
18051867805483008
9241421705637011969
9241421705637011456
9241421705637011969
9241421705637011456
9241421705637003777
9241421705637003264
9241421705637003777
9241421705637003264
9241421705637011968
9241421705637011456
9241421705637011968
9241421705637011456
9241421705637003776
9241421705637003264
9241421705637003776
9241421705637003264
318944272720385
318944272719872
37469296009729
37469296009216
318944272712193
318944272711680
37469296001537
37469296001024
318944272720384
318944272719872
37469296009728
37469296009216
318944272712192
318944272711680
37469296001536
37469296001024
35270272754177
35270272753664
35270272754177
35270272753664
35270272745985
35270272745472
35270272745985
35270272745472
35270272754176
35270272753664
35270272754176
35270272753664
35270272745984
35270272745472
35270272745984
35270272745472
283759900631553
283759900631040
2284923920897
2284923920384
283759900623361
283759900622848
2284923912705
2284923912192
283759900631552
283759900631040
2284923920896
2284923920384
283759900623360
283759900622848
2284923912704
2284923912192
85900665345
85900664832
85900665345
85900664832
85900657153
85900656640
85900657153
85900656640
85900665344
85900664832
85900665344
85900664832
85900657152
85900656640
85900657152
85900656640
283759900631553
283759900631040
2284923920897
2284923920384
283759900623361
283759900622848
2284923912705
2284923912192
283759900631552
283759900631040
2284923920896
2284923920384
283759900623360
283759900622848
2284923912704
2284923912192
85900665345
85900664832
85900665345
85900664832
85900657153
85900656640
85900657153
85900656640
85900665344
85900664832
85900665344
85900664832
85900657152
85900656640
85900657152
85900656640
---
108724279602332802
36099337564472450
36103735610983426
36099337564472322
72625113839191170
171801330818
4569847841794
171801330690
36666685564388352
36099337564455936
36103735610967040
36099337564455936
567519801246720
171801314304
4569847825408
171801314304
108724279602331776
36099337564471424
36103735610982400
36099337564471296
72625113839190144
171801329792
4569847840768
171801329664
36666685564387328
36099337564454912
36103735610966016
36099337564454912
567519801245696
171801313280
4569847824384
171801313280
72695482583368834
70540545508482
74938592019458
70540545508354
72625113839191170
171801330818
4569847841794
171801330690
637888545424384
70540545491968
74938592003072
70540545491968
567519801246720
171801314304
4569847825408
171801314304
72695482583367808
70540545507456
74938592018432
70540545507328
72625113839190144
171801329792
4569847840768
171801329664
637888545423360
70540545490944
74938592002048
70540545490944
567519801245696
171801313280
4569847824384
171801313280
108724279602316290
36099337564455938
36103735610967042
36099337564455938
72625113839174658
171801314306
4569847825410
171801314306
108724279602332800
36099337564472448
36103735610983424
36099337564472320
72625113839191168
171801330816
4569847841792
171801330688
108724279602315264
36099337564454912
36103735610966016
36099337564454912
72625113839173632
171801313280
4569847824384
171801313280
108724279602331776
36099337564471424
36103735610982400
36099337564471296
72625113839190144
171801329792
4569847840768
171801329664
72695482583352322
70540545491970
74938592003074
70540545491970
72625113839174658
171801314306
4569847825410
171801314306
72695482583368832
70540545508480
74938592019456
70540545508352
72625113839191168
171801330816
4569847841792
171801330688
72695482583351296
70540545490944
74938592002048
70540545490944
72625113839173632
171801313280
4569847824384
171801313280
72695482583367808
70540545507456
74938592018432
70540545507328
72625113839190144
171801329792
4569847840768
171801329664
108724279602332674
36099337564472322
36103735610983554
36099337564472450
72625113839191042
171801330690
4569847841922
171801330818
108724279602316288
36099337564455936
36103735610967040
36099337564455936
72625113839174656
171801314304
4569847825408
171801314304
108724279602331648
36099337564471296
36103735610982528
36099337564471424
72625113839190016
171801329664
4569847840896
171801329792
108724279602315264
36099337564454912
36103735610966016
36099337564454912
72625113839173632
171801313280
4569847824384
171801313280
72695482583368706
70540545508354
74938592019586
70540545508482
72625113839191042
171801330690
4569847841922
171801330818
72695482583352320
70540545491968
74938592003072
70540545491968
72625113839174656
171801314304
4569847825408
171801314304
72695482583367680
70540545507328
74938592018560
70540545507456
72625113839190016
171801329664
4569847840896
171801329792
72695482583351296
70540545490944
74938592002048
70540545490944
72625113839173632
171801313280
4569847824384
171801313280
108724279602316290
36099337564455938
36103735610967042
36099337564455938
72625113839174658
171801314306
4569847825410
171801314306
108724279602332672
36099337564472320
36103735610983552
36099337564472448
72625113839191040
171801330688
4569847841920
171801330816
108724279602315264
36099337564454912
36103735610966016
36099337564454912
72625113839173632
171801313280
4569847824384
171801313280
108724279602331648
36099337564471296
36103735610982528
36099337564471424
72625113839190016
171801329664
4569847840896
171801329792
72695482583352322
70540545491970
74938592003074
70540545491970
72625113839174658
171801314306
4569847825410
171801314306
72695482583368704
70540545508352
74938592019584
70540545508480
72625113839191040
171801330688
4569847841920
171801330816
72695482583351296
70540545490944
74938592002048
70540545490944
72625113839173632
171801313280
4569847824384
171801313280
72695482583367680
70540545507328
74938592018560
70540545507456
72625113839190016
171801329664
4569847840896
171801329792
36666685564404866
36099337564472450
36103735610983426
36099337564472322
567519801263234
171801330818
4569847841794
171801330690
108724279602316288
36099337564455936
36103735610967040
36099337564455936
72625113839174656
171801314304
4569847825408
171801314304
36666685564403840
36099337564471424
36103735610982400
36099337564471296
567519801262208
171801329792
4569847840768
171801329664
108724279602315264
36099337564454912
36103735610966016
36099337564454912
72625113839173632
171801313280
4569847824384
171801313280
637888545440898
70540545508482
74938592019458
70540545508354
567519801263234
171801330818
4569847841794
171801330690
72695482583352320
70540545491968
74938592003072
70540545491968
72625113839174656
171801314304
4569847825408
171801314304
637888545439872
70540545507456
74938592018432
70540545507328
567519801262208
171801329792
4569847840768
171801329664
72695482583351296
70540545490944
74938592002048
70540545490944
72625113839173632
171801313280
4569847824384
171801313280
36666685564388354
36099337564455938
36103735610967042
36099337564455938
567519801246722
171801314306
4569847825410
171801314306
36666685564404864
36099337564472448
36103735610983424
36099337564472320
567519801263232
171801330816
4569847841792
171801330688
36666685564387328
36099337564454912
36103735610966016
36099337564454912
567519801245696
171801313280
4569847824384
171801313280
36666685564403840
36099337564471424
36103735610982400
36099337564471296
567519801262208
171801329792
4569847840768
171801329664
637888545424386
70540545491970
74938592003074
70540545491970
567519801246722
171801314306
4569847825410
171801314306
637888545440896
70540545508480
74938592019456
70540545508352
567519801263232
171801330816
4569847841792
171801330688
637888545423360
70540545490944
74938592002048
70540545490944
567519801245696
171801313280
4569847824384
171801313280
637888545439872
70540545507456
74938592018432
70540545507328
567519801262208
171801329792
4569847840768
171801329664
36666685564404738
36099337564472322
36103735610983554
36099337564472450
567519801263106
171801330690
4569847841922
171801330818
36666685564388352
36099337564455936
36103735610967040
36099337564455936
567519801246720
171801314304
4569847825408
171801314304
36666685564403712
36099337564471296
36103735610982528
36099337564471424
567519801262080
171801329664
4569847840896
171801329792
36666685564387328
36099337564454912
36103735610966016
36099337564454912
567519801245696
171801313280
4569847824384
171801313280
637888545440770
70540545508354
74938592019586
70540545508482
567519801263106
171801330690
4569847841922
171801330818
637888545424384
70540545491968
74938592003072
70540545491968
567519801246720
171801314304
4569847825408
171801314304
637888545439744
70540545507328
74938592018560
70540545507456
567519801262080
171801329664
4569847840896
171801329792
637888545423360
70540545490944
74938592002048
70540545490944
567519801245696
171801313280
4569847824384
171801313280
36666685564388354
36099337564455938
36103735610967042
36099337564455938
567519801246722
171801314306
4569847825410
171801314306
36666685564404736
36099337564472320
36103735610983552
36099337564472448
567519801263104
171801330688
4569847841920
171801330816
36666685564387328
36099337564454912
36103735610966016
36099337564454912
567519801245696
171801313280
4569847824384
171801313280
36666685564403712
36099337564471296
36103735610982528
36099337564471424
567519801262080
171801329664
4569847840896
171801329792
637888545424386
70540545491970
74938592003074
70540545491970
567519801246722
171801314306
4569847825410
171801314306
637888545440768
70540545508352
74938592019584
70540545508480
567519801263104
171801330688
4569847841920
171801330816
637888545423360
70540545490944
74938592002048
70540545490944
567519801245696
171801313280
4569847824384
171801313280
637888545439744
70540545507328
74938592018560
70540545507456
567519801262080
171801329664
4569847840896
171801329792
---
145390965166737412
1275777090881540
141081091014656
141081091014656
145390965166737408
1275777090881536
9139695681536
9139695681536
343602626560
343602626560
9139695681536
9139695681536
343602626560
343602626560
343602628612
343602628612
145390965166735360
1275777090879488
343602628608
343602628608
145390965166735360
1275777090879488
149877184038916
149877184038916
141081090983940
141081090983940
149877184038912
149877184038912
141081090983936
141081090983936
343602626560
343602626560
145250227678349316
1135039602493444
343602626560
343602626560
145250227678349312
1135039602493440
149877184036864
149877184036864
141081090981888
141081090981888
149877184036864
149877184036864
141081090981888
141081090981888
141081090983940
141081090983940
145250227678347264
1135039602491392
141081090983936
141081090983936
145250227678347264
1135039602491392
9139695650820
9139695650820
343602661380
343602661380
9139695650816
9139695650816
343602661376
343602661376
141081090981888
141081090981888
145390965166704644
1275777090848772
141081090981888
141081090981888
145390965166704640
1275777090848768
9139695648768
9139695648768
343602659328
343602659328
9139695648768
9139695648768
343602659328
343602659328
343602661380
343602661380
145390965166702592
1275777090846720
343602661376
343602661376
145390965166702592
1275777090846720
149877184006148
149877184006148
141081091016708
141081091016708
149877184006144
149877184006144
141081091016704
141081091016704
343602659328
343602659328
145250227678382084
1135039602526212
343602659328
343602659328
145250227678382080
1135039602526208
149877184004096
149877184004096
141081091014656
141081091014656
149877184004096
149877184004096
141081091014656
141081091014656
141081091016708
141081091016708
145250227678380032
1135039602524160
141081091016704
141081091016704
145250227678380032
1135039602524160
9139695683588
9139695683588
343602628612
343602628612
9139695683584
9139695683584
343602628608
343602628608
141081091014656
141081091014656
---
290500455356698632
687205257216
18279391297536
687205253120
2270079204982784
687205257224
18279391301640
687205253120
290500455356698624
687205253120
18279391297536
687205257224
2270079204982784
687205257216
18279391301632
687205253120
290500455356694528
687205253120
18279391301640
687205257216
2270079204986888
687205253120
18279391297536
687205257224
290500455356694528
687205257224
18279391301632
687205253120
2270079204986880
687205253120
18279391297536
687205257216
---
580999811184992272
35459254198288
274882109440
274882109440
580999811184984064
35459254190080
4539058881568784
35459254198288
274882109456
274882109456
4539058881560576
35459254190080
274882101248
274882101248
274882109456
274882109456
580999811184984064
35459254190080
274882101248
274882101248
580999811184992256
35459254198272
4539058881560576
35459254190080
274882101248
274882101248
4539058881568768
35459254198272
274882109440
274882109440
274882101248
274882101248
---
577588851267340304
2199056809984
577588851267338240
2199056809984
577588851267076096
2199057074192
577588851267076096
2199057072128
577588851267340288
2199056809984
577588851267338240
2199056809984
577588851267076096
2199057074176
577588851267076096
2199057072128
1128098963916816
2199056809984
1128098963914752
2199056809984
1128098963652608
2199057074192
1128098963652608
2199057072128
1128098963916800
2199056809984
1128098963914752
2199056809984
1128098963652608
2199057074176
1128098963652608
2199057072128
---
1155178802063085600
2257297455710208
5497642553376
5497642024960
1155178802063085568
2257297456238624
5497642553344
5497642553376
1155178802063081472
2257297456238592
5497642549248
5497642553344
1155178802063081472
2257297456234496
5497642549248
5497642549248
1155178802062557184
2257297456234496
5497642024960
5497642549248
1155178802062557184
2257297455710208
5497642024960
5497642024960
1155178802062557184
2257297455710208
5497642024960
5497642024960
1155178802062557184
2257297455710208
5497642024960
5497642024960
---
2310639079102947392
2310639079102939136
2310357604126236736
2310357604126228480
2310639079102947328
2310639079102939136
2310357604126236672
2310357604126228480
292470261882944
292470261874688
10995285172288
10995285164032
292470261882880
292470261874688
10995285172224
10995285164032
4796069888131072
4796069888131072
4514594911420416
4514594911420416
4796069888131072
4796069888131072
4514594911420416
4514594911420416
292470260760576
292470260760576
10995284049920
10995284049920
292470260760576
292470260760576
10995284049920
10995284049920
4796069889253440
4796069889245184
4514594912542784
4514594912534528
4796069889253376
4796069889245184
4514594912542720
4514594912534528
292470261882944
292470261874688
10995285172288
10995285164032
292470261882880
292470261874688
10995285172224
10995285164032
2310639079102881856
2310639079102873600
2310357604126171200
2310357604126162944
2310639079102881792
2310639079102873600
2310357604126171136
2310357604126162944
292470261817408
292470261809152
10995285106752
10995285098496
292470261817344
292470261809152
10995285106688
10995285098496
2310639079101890560
2310639079101890560
2310357604125179904
2310357604125179904
2310639079101890560
2310639079101890560
2310357604125179904
2310357604125179904
292470260826112
292470260826112
10995284115456
10995284115456
292470260826112
292470260826112
10995284115456
10995284115456
4796069889187904
4796069889179648
4514594912477248
4514594912468992
4796069889187840
4796069889179648
4514594912477184
4514594912468992
292470261817408
292470261809152
10995285106752
10995285098496
292470261817344
292470261809152
10995285106688
10995285098496
4796069888196608
4796069888196608
4514594911485952
4514594911485952
4796069888196608
4796069888196608
4514594911485952
4514594911485952
292470260826112
292470260826112
10995284115456
10995284115456
292470260826112
292470260826112
10995284115456
10995284115456
2310639079101825024
2310639079101825024
2310357604125114368
2310357604125114368
2310639079101825024
2310639079101825024
2310357604125114368
2310357604125114368
292470260760576
292470260760576
10995284049920
10995284049920
292470260760576
292470260760576
10995284049920
10995284049920
---
4693335752243822976
21990570328320
4621278158205895040
21990570328320
4693335752243691648
21990570196992
4621278158205763712
21990570196992
72642534561693824
9029189825069056
584940523765888
9029189825069056
72642534561562752
9029189824937984
584940523634816
9029189824937984
4693335752241709312
21990568231168
4621278158203781376
21990568231168
4693335752241577984
21990568099840
4621278158203650048
21990568099840
72642534559580160
9029189822971904
584940521652224
9029189822971904
72642534559449088
9029189822840832
584940521521152
9029189822840832
81649733816435072
4693335752243822848
9592139778507136
4621278158205894912
81649733816303744
4693335752243691520
9592139778375808
4621278158205763584
72642534561693824
72642534561693696
584940523765888
584940523765760
72642534561562752
72642534561562624
584940523634816
584940523634688
81649733814321408
4693335752241709312
9592139776393472
4621278158203781376
81649733814190080
4693335752241577984
9592139776262144
4621278158203650048
72642534559580160
72642534559580160
584940521652224
584940521652224
72642534559449088
72642534559449088
584940521521152
584940521521152
4620715208252473728
81649733816434944
4620715208252473728
9592139778507008
4620715208252342400
81649733816303616
4620715208252342400
9592139778375680
21990570344576
72642534561693696
21990570344576
584940523765760
21990570213504
72642534561562624
21990570213504
584940523634688
4620715208250360064
81649733814321408
4620715208250360064
9592139776393472
4620715208250228736
81649733814190080
4620715208250228736
9592139776262144
21990568230912
72642534559580160
21990568230912
584940521652224
21990568099840
72642534559449088
21990568099840
584940521521152
9029189825085824
4620715208252473600
9029189825085824
4620715208252473600
9029189824954496
4620715208252342272
9029189824954496
4620715208252342272
21990570344576
21990570344448
21990570344576
21990570344448
21990570213504
21990570213376
21990570213504
21990570213376
9029189822972160
4620715208250360064
9029189822972160
4620715208250360064
9029189822840832
4620715208250228736
9029189822840832
4620715208250228736
21990568230912
21990568230912
21990568230912
21990568230912
21990568099840
21990568099840
21990568099840
21990568099840
4693335752243806464
9029189825085696
4621278158205878528
9029189825085696
4693335752243675136
9029189824954368
4621278158205747200
9029189824954368
72642534561677312
21990570344448
584940523749376
21990570344448
72642534561546240
21990570213376
584940523618304
21990570213376
4693335752241709312
9029189822972160
4621278158203781376
9029189822972160
4693335752241577984
9029189822840832
4621278158203650048
9029189822840832
72642534559580160
21990568230912
584940521652224
21990568230912
72642534559449088
21990568099840
584940521521152
21990568099840
81649733816418560
4693335752243806464
9592139778490624
4621278158205878528
81649733816287232
4693335752243675136
9592139778359296
4621278158205747200
72642534561677312
72642534561677312
584940523749376
584940523749376
72642534561546240
72642534561546240
584940523618304
584940523618304
81649733814321408
4693335752241709312
9592139776393472
4621278158203781376
81649733814190080
4693335752241577984
9592139776262144
4621278158203650048
72642534559580160
72642534559580160
584940521652224
584940521652224
72642534559449088
72642534559449088
584940521521152
584940521521152
4620715208252457216
81649733816418560
4620715208252457216
9592139778490624
4620715208252325888
81649733816287232
4620715208252325888
9592139778359296
21990570328064
72642534561677312
21990570328064
584940523749376
21990570196992
72642534561546240
21990570196992
584940523618304
4620715208250360064
81649733814321408
4620715208250360064
9592139776393472
4620715208250228736
81649733814190080
4620715208250228736
9592139776262144
21990568230912
72642534559580160
21990568230912
584940521652224
21990568099840
72642534559449088
21990568099840
584940521521152
9029189825069312
4620715208252457216
9029189825069312
4620715208252457216
9029189824937984
4620715208252325888
9029189824937984
4620715208252325888
21990570328064
21990570328064
21990570328064
21990570328064
21990570196992
21990570196992
21990570196992
21990570196992
9029189822972160
4620715208250360064
9029189822972160
4620715208250360064
9029189822840832
4620715208250228736
9029189822840832
4620715208250228736
21990568230912
21990568230912
21990568230912
21990568230912
21990568099840
21990568099840
21990568099840
21990568099840
72642534561694080
9029189825069312
584940523766144
9029189825069312
72642534561562752
9029189824937984
584940523634816
9029189824937984
4693335752243822720
21990570328064
4621278158205894784
21990570328064
4693335752243691648
21990570196992
4621278158205763712
21990570196992
72642534559580416
9029189822972160
584940521652480
9029189822972160
72642534559449088
9029189822840832
584940521521152
9029189822840832
4693335752241709056
21990568230912
4621278158203781120
21990568230912
4693335752241577984
21990568099840
4621278158203650048
21990568099840
72642534561694080
72642534561693952
584940523766144
584940523766016
72642534561562752
72642534561562624
584940523634816
584940523634688
81649733816434816
4693335752243822592
9592139778506880
4621278158205894656
81649733816303744
4693335752243691520
9592139778375808
4621278158205763584
72642534559580416
72642534559580416
584940521652480
584940521652480
72642534559449088
72642534559449088
584940521521152
584940521521152
81649733814321152
4693335752241709056
9592139776393216
4621278158203781120
81649733814190080
4693335752241577984
9592139776262144
4621278158203650048
21990570344832
72642534561693952
21990570344832
584940523766016
21990570213504
72642534561562624
21990570213504
584940523634688
4620715208252473472
81649733816434688
4620715208252473472
9592139778506752
4620715208252342400
81649733816303616
4620715208252342400
9592139778375680
21990568231168
72642534559580416
21990568231168
584940521652480
21990568099840
72642534559449088
21990568099840
584940521521152
4620715208250359808
81649733814321152
4620715208250359808
9592139776393216
4620715208250228736
81649733814190080
4620715208250228736
9592139776262144
21990570344832
21990570344704
21990570344832
21990570344704
21990570213504
21990570213376
21990570213504
21990570213376
9029189825085568
4620715208252473344
9029189825085568
4620715208252473344
9029189824954496
4620715208252342272
9029189824954496
4620715208252342272
21990568231168
21990568231168
21990568231168
21990568231168
21990568099840
21990568099840
21990568099840
21990568099840
9029189822971904
4620715208250359808
9029189822971904
4620715208250359808
9029189822840832
4620715208250228736
9029189822840832
4620715208250228736
72642534561677568
21990570344704
584940523749632
21990570344704
72642534561546240
21990570213376
584940523618304
21990570213376
4693335752243806208
9029189825085440
4621278158205878272
9029189825085440
4693335752243675136
9029189824954368
4621278158205747200
9029189824954368
72642534559580416
21990568231168
584940521652480
21990568231168
72642534559449088
21990568099840
584940521521152
21990568099840
4693335752241709056
9029189822971904
4621278158203781120
9029189822971904
4693335752241577984
9029189822840832
4621278158203650048
9029189822840832
72642534561677568
72642534561677568
584940523749632
584940523749632
72642534561546240
72642534561546240
584940523618304
584940523618304
81649733816418304
4693335752243806208
9592139778490368
4621278158205878272
81649733816287232
4693335752243675136
9592139778359296
4621278158205747200
72642534559580416
72642534559580416
584940521652480
584940521652480
72642534559449088
72642534559449088
584940521521152
584940521521152
81649733814321152
4693335752241709056
9592139776393216
4621278158203781120
81649733814190080
4693335752241577984
9592139776262144
4621278158203650048
21990570328320
72642534561677568
21990570328320
584940523749632
21990570196992
72642534561546240
21990570196992
584940523618304
4620715208252456960
81649733816418304
4620715208252456960
9592139778490368
4620715208252325888
81649733816287232
4620715208252325888
9592139778359296
21990568231168
72642534559580416
21990568231168
584940521652480
21990568099840
72642534559449088
21990568099840
584940521521152
4620715208250359808
81649733814321152
4620715208250359808
9592139776393216
4620715208250228736
81649733814190080
4620715208250228736
9592139776262144
21990570328320
21990570328320
21990570328320
21990570328320
21990570196992
21990570196992
21990570196992
21990570196992
9029189825069056
4620715208252456960
9029189825069056
4620715208252456960
9029189824937984
4620715208252325888
9029189824937984
4620715208252325888
21990568231168
21990568231168
21990568231168
21990568231168
21990568099840
21990568099840
21990568099840
21990568099840
9029189822971904
4620715208250359808
9029189822971904
4620715208250359808
9029189822840832
4620715208250228736
9029189822840832
4620715208250228736
---
9386671504487645697
9241430416504947201
9386671504487612929
9241430416504914433
145285069123387905
43981140689409
145285069123355137
43981140656641
163299467632869889
18058379650171393
163299467632837121
18058379650138625
145285069123387905
43981140689409
145285069123355137
43981140656641
9386671504487645696
9241430416504947200
9386671504487612928
9241430416504914432
145285069123387904
43981140689408
145285069123355136
43981140656640
163299467632869888
18058379650171392
163299467632837120
18058379650138624
145285069123387904
43981140689408
145285069123355136
43981140656640
9386671504487645184
9241430416504946688
9386671504487612416
9241430416504913920
145285069123387392
43981140688896
145285069123354624
43981140656128
163299467632869376
18058379650170880
163299467632836608
18058379650138112
145285069123387392
43981140688896
145285069123354624
43981140656128
9386671504487645184
9241430416504946688
9386671504487612416
9241430416504913920
145285069123387392
43981140688896
145285069123354624
43981140656128
163299467632869376
18058379650170880
163299467632836608
18058379650138112
145285069123387392
43981140688896
145285069123354624
43981140656128
9386671504487383040
9241430416504684544
9386671504487350272
9241430416504651776
145285069123125248
43981140426752
145285069123092480
43981140393984
163299467632607232
18058379649908736
163299467632574464
18058379649875968
145285069123125248
43981140426752
145285069123092480
43981140393984
9386671504487383040
9241430416504684544
9386671504487350272
9241430416504651776
145285069123125248
43981140426752
145285069123092480
43981140393984
163299467632607232
18058379649908736
163299467632574464
18058379649875968
145285069123125248
43981140426752
145285069123092480
43981140393984
9386671504487383040
9241430416504684544
9386671504487350272
9241430416504651776
145285069123125248
43981140426752
145285069123092480
43981140393984
163299467632607232
18058379649908736
163299467632574464
18058379649875968
145285069123125248
43981140426752
145285069123092480
43981140393984
9386671504487383040
9241430416504684544
9386671504487350272
9241430416504651776
145285069123125248
43981140426752
145285069123092480
43981140393984
163299467632607232
18058379649908736
163299467632574464
18058379649875968
145285069123125248
43981140426752
145285069123092480
43981140393984
9242556316411789825
9241430416504947201
9242556316411757057
9241430416504914433
1169881047532033
43981140689409
1169881047499265
43981140656641
19184279557014017
18058379650171393
19184279556981249
18058379650138625
1169881047532033
43981140689409
1169881047499265
43981140656641
9242556316411789824
9241430416504947200
9242556316411757056
9241430416504914432
1169881047532032
43981140689408
1169881047499264
43981140656640
19184279557014016
18058379650171392
19184279556981248
18058379650138624
1169881047532032
43981140689408
1169881047499264
43981140656640
9242556316411789312
9241430416504946688
9242556316411756544
9241430416504913920
1169881047531520
43981140688896
1169881047498752
43981140656128
19184279557013504
18058379650170880
19184279556980736
18058379650138112
1169881047531520
43981140688896
1169881047498752
43981140656128
9242556316411789312
9241430416504946688
9242556316411756544
9241430416504913920
1169881047531520
43981140688896
1169881047498752
43981140656128
19184279557013504
18058379650170880
19184279556980736
18058379650138112
1169881047531520
43981140688896
1169881047498752
43981140656128
9242556316411527168
9241430416504684544
9242556316411494400
9241430416504651776
1169881047269376
43981140426752
1169881047236608
43981140393984
19184279556751360
18058379649908736
19184279556718592
18058379649875968
1169881047269376
43981140426752
1169881047236608
43981140393984
9242556316411527168
9241430416504684544
9242556316411494400
9241430416504651776
1169881047269376
43981140426752
1169881047236608
43981140393984
19184279556751360
18058379649908736
19184279556718592
18058379649875968
1169881047269376
43981140426752
1169881047236608
43981140393984
9242556316411527168
9241430416504684544
9242556316411494400
9241430416504651776
1169881047269376
43981140426752
1169881047236608
43981140393984
19184279556751360
18058379649908736
19184279556718592
18058379649875968
1169881047269376
43981140426752
1169881047236608
43981140393984
9242556316411527168
9241430416504684544
9242556316411494400
9241430416504651776
1169881047269376
43981140426752
1169881047236608
43981140393984
19184279556751360
18058379649908736
19184279556718592
18058379649875968
1169881047269376
43981140426752
1169881047236608
43981140393984
9386671504483418625
9241430416500720129
9386671504483418625
9241430416500720129
145285069119160833
43981136462337
145285069119160833
43981136462337
163299467628642817
18058379645944321
163299467628642817
18058379645944321
145285069119160833
43981136462337
145285069119160833
43981136462337
9386671504483418624
9241430416500720128
9386671504483418624
9241430416500720128
145285069119160832
43981136462336
145285069119160832
43981136462336
163299467628642816
18058379645944320
163299467628642816
18058379645944320
145285069119160832
43981136462336
145285069119160832
43981136462336
9386671504483418112
9241430416500719616
9386671504483418112
9241430416500719616
145285069119160320
43981136461824
145285069119160320
43981136461824
163299467628642304
18058379645943808
163299467628642304
18058379645943808
145285069119160320
43981136461824
145285069119160320
43981136461824
9386671504483418112
9241430416500719616
9386671504483418112
9241430416500719616
145285069119160320
43981136461824
145285069119160320
43981136461824
163299467628642304
18058379645943808
163299467628642304
18058379645943808
145285069119160320
43981136461824
145285069119160320
43981136461824
9386671504483155968
9241430416500457472
9386671504483155968
9241430416500457472
145285069118898176
43981136199680
145285069118898176
43981136199680
163299467628380160
18058379645681664
163299467628380160
18058379645681664
145285069118898176
43981136199680
145285069118898176
43981136199680
9386671504483155968
9241430416500457472
9386671504483155968
9241430416500457472
145285069118898176
43981136199680
145285069118898176
43981136199680
163299467628380160
18058379645681664
163299467628380160
18058379645681664
145285069118898176
43981136199680
145285069118898176
43981136199680
9386671504483155968
9241430416500457472
9386671504483155968
9241430416500457472
145285069118898176
43981136199680
145285069118898176
43981136199680
163299467628380160
18058379645681664
163299467628380160
18058379645681664
145285069118898176
43981136199680
145285069118898176
43981136199680
9386671504483155968
9241430416500457472
9386671504483155968
9241430416500457472
145285069118898176
43981136199680
145285069118898176
43981136199680
163299467628380160
18058379645681664
163299467628380160
18058379645681664
145285069118898176
43981136199680
145285069118898176
43981136199680
9242556316407562753
9241430416500720129
9242556316407562753
9241430416500720129
1169881043304961
43981136462337
1169881043304961
43981136462337
19184279552786945
18058379645944321
19184279552786945
18058379645944321
1169881043304961
43981136462337
1169881043304961
43981136462337
9242556316407562752
9241430416500720128
9242556316407562752
9241430416500720128
1169881043304960
43981136462336
1169881043304960
43981136462336
19184279552786944
18058379645944320
19184279552786944
18058379645944320
1169881043304960
43981136462336
1169881043304960
43981136462336
9242556316407562240
9241430416500719616
9242556316407562240
9241430416500719616
1169881043304448
43981136461824
1169881043304448
43981136461824
19184279552786432
18058379645943808
19184279552786432
18058379645943808
1169881043304448
43981136461824
1169881043304448
43981136461824
9242556316407562240
9241430416500719616
9242556316407562240
9241430416500719616
1169881043304448
43981136461824
1169881043304448
43981136461824
19184279552786432
18058379645943808
19184279552786432
18058379645943808
1169881043304448
43981136461824
1169881043304448
43981136461824
9242556316407300096
9241430416500457472
9242556316407300096
9241430416500457472
1169881043042304
43981136199680
1169881043042304
43981136199680
19184279552524288
18058379645681664
19184279552524288
18058379645681664
1169881043042304
43981136199680
1169881043042304
43981136199680
9242556316407300096
9241430416500457472
9242556316407300096
9241430416500457472
1169881043042304
43981136199680
1169881043042304
43981136199680
19184279552524288
18058379645681664
19184279552524288
18058379645681664
1169881043042304
43981136199680
1169881043042304
43981136199680
9242556316407300096
9241430416500457472
9242556316407300096
9241430416500457472
1169881043042304
43981136199680
1169881043042304
43981136199680
19184279552524288
18058379645681664
19184279552524288
18058379645681664
1169881043042304
43981136199680
1169881043042304
43981136199680
9242556316407300096
9241430416500457472
9242556316407300096
9241430416500457472
1169881043042304
43981136199680
1169881043042304
43981136199680
19184279552524288
18058379645681664
19184279552524288
18058379645681664
1169881043042304
43981136199680
1169881043042304
43981136199680
---
326598935265674242
87962280787968
38368559113962498
326598935265674240
326598935265673216
38368559113962496
38368559113961472
326598935265673216
36116759291888642
38368559113961472
36116759291888642
36116759291888640
36116759291887616
36116759291888640
36116759291887616
36116759291887616
326598935265148928
36116759291887616
38368559113437184
326598935265148928
326598935265148928
38368559113437184
38368559113437184
326598935265148928
36116759291363328
38368559113437184
36116759291363328
36116759291363328
36116759291363328
36116759291363328
36116759291363328
36116759291363328
290570138246710274
36116759291363328
2339762094998530
290570138246710272
290570138246709248
2339762094998528
2339762094997504
290570138246709248
87962272924674
2339762094997504
87962272924674
87962272924672
87962272923648
87962272924672
87962272923648
87962272923648
290570138246184960
87962272923648
2339762094473216
290570138246184960
290570138246184960
2339762094473216
2339762094473216
290570138246184960
87962272399360
2339762094473216
87962272399360
87962272399360
87962272399360
87962272399360
87962272399360
87962272399360
326598935257285634
87962272399360
38368559105573890
326598935257285632
326598935257284608
38368559105573888
38368559105572864
326598935257284608
36116759300277250
38368559105572864
36116759300277250
36116759300277248
36116759300276224
36116759300277248
36116759300276224
36116759300276224
326598935256760320
36116759300276224
38368559105048576
326598935256760320
326598935256760320
38368559105048576
38368559105048576
326598935256760320
36116759299751936
38368559105048576
36116759299751936
36116759299751936
36116759299751936
36116759299751936
36116759299751936
36116759299751936
290570138238321666
36116759299751936
2339762086609922
290570138238321664
290570138238320640
2339762086609920
2339762086608896
290570138238320640
87962281313282
2339762086608896
87962281313282
87962281313280
87962281312256
87962281313280
87962281312256
87962281312256
290570138237796352
87962281312256
2339762086084608
290570138237796352
290570138237796352
2339762086084608
2339762086084608
290570138237796352
87962280787968
2339762086084608
87962280787968
87962280787968
87962280787968
87962280787968
87962280787968
87962280787968
---
581140276476643332
175924544798720
175924545849344
581140276476641280
581140276475592704
175924545847296
175924544798720
581140276475592704
4679524173219844
175924544798720
175924545849348
4679524173217792
4679524172169216
175924545847296
175924544798720
4679524172169216
581140276476643328
175924544798720
175924545849348
581140276476641280
581140276475592704
175924545847296
175924544798720
581140276475592704
4679524173219840
175924544798720
175924545849344
4679524173217792
4679524172169216
175924545847296
175924544798720
4679524172169216
---
1161999073681608712
1161999073681604608
70369817919488
70369817919488
70369820020744
70369820016640
1161999073679507456
1161999073679507456
9077569074761728
9077569074757632
70369817919488
70369817919488
70369820020736
70369820016640
9077569072660480
9077569072660480
1161999073681608704
1161999073681604608
70369817919488
70369817919488
70369820020736
70369820016640
1161999073679507456
1161999073679507456
9077569074761736
9077569074757632
70369817919488
70369817919488
70369820020744
70369820016640
9077569072660480
9077569072660480
---
288793334762704928
288793334695067648
562958610993184
562958543355904
288793334762176512
288793334695067648
562958610464768
562958543355904
288793334762704896
288793334695067648
562958610993152
562958543355904
288793334762700800
288793334695067648
562958610989056
562958543355904
288793334762176512
288793334695067648
562958610464768
562958543355904
288793334762700800
288793334695067648
562958610989056
562958543355904
288793334762176512
288793334695067648
562958610464768
562958543355904
288793334762176512
288793334695067648
562958610464768
562958543355904
---
577868148797087808
577868148797087744
577868148796030976
577868148796030976
577868148661813248
577868148661813248
577868148661813248
577868148661813248
577868148797079552
577868148797079552
577868148796030976
577868148796030976
577868148661813248
577868148661813248
577868148661813248
577868148661813248
1407396493664320
1407396493664256
1407396492607488
1407396492607488
1407396358389760
1407396358389760
1407396358389760
1407396358389760
1407396493656064
1407396493656064
1407396492607488
1407396492607488
1407396358389760
1407396358389760
1407396358389760
1407396358389760
---
1227793891648880768
1155736297608839168
1227793891632103552
1155736297592061952
74872387042033792
2814793001992192
74872387025256576
2814792985214976
1227793891378331648
1155736297340403712
1227793891361554432
1155736297323626496
74872386771484672
2814792733556736
74872386754707456
2814792716779520
1227793891648864256
1155736297608839168
1227793891632087040
1155736297592061952
74872387042017280
2814793001992192
74872387025240064
2814792985214976
1227793891378331648
1155736297340403712
1227793891361554432
1155736297323626496
74872386771484672
2814792733556736
74872386754707456
2814792716779520
1227793891648880640
1155736297610952832
1227793891632103424
1155736297594175616
74872387042033664
2814793004105856
74872387025256448
2814792987328640
1227793891378331648
1155736297340403712
1227793891361554432
1155736297323626496
74872386771484672
2814792733556736
74872386754707456
2814792716779520
1227793891648864256
1155736297610936320
1227793891632087040
1155736297594159104
74872387042017280
2814793004089344
74872387025240064
2814792987312128
1227793891378331648
1155736297340403712
1227793891361554432
1155736297323626496
74872386771484672
2814792733556736
74872386754707456
2814792716779520
1227793891646767104
1155736297610952704
1227793891629989888
1155736297594175488
74872387039920128
2814793004105728
74872387023142912
2814792987328512
1227793891378331648
1155736297340403712
1227793891361554432
1155736297323626496
74872386771484672
2814792733556736
74872386754707456
2814792716779520
1227793891646767104
1155736297610936320
1227793891629989888
1155736297594159104
74872387039920128
2814793004089344
74872387023142912
2814792987312128
1227793891378331648
1155736297340403712
1227793891361554432
1155736297323626496
74872386771484672
2814792733556736
74872386754707456
2814792716779520
1227793891646767104
1155736297608839168
1227793891629989888
1155736297592061952
74872387039920128
2814793001992192
74872387023142912
2814792985214976
1227793891378331648
1155736297340403712
1227793891361554432
1155736297323626496
74872386771484672
2814792733556736
74872386754707456
2814792716779520
1227793891646767104
1155736297608839168
1227793891629989888
1155736297592061952
74872387039920128
2814793001992192
74872387023142912
2814792985214976
1227793891378331648
1155736297340403712
1227793891361554432
1155736297323626496
74872386771484672
2814792733556736
74872386754707456
2814792716779520
---
2455587783297826816
149744773542969344
2455587783293599744
149744773542969344
2455587782756663296
149744773543034880
2455587782756663296
149744773543034880
2311472595221970944
5629585467113472
2311472595217743872
5629585467113472
2311472594680807424
5629585467179008
2311472594680807424
5629585467179008
2455587782723108864
149744774050512896
2455587782723108864
149744774046285824
2455587783264174080
149744774050480128
2455587783259979776
149744774046285824
2311472594647252992
5629585974657024
2311472594647252992
5629585970429952
2311472595188318208
5629585974624256
2311472595184123904
5629585970429952
2455587783297761280
149744774084132864
2455587783293534208
149744774079905792
2455587783297794048
149744773542969344
2455587783293599744
149744773542969344
2311472595221905408
5629586008276992
2311472595217678336
5629586004049920
2311472595221938176
5629585467113472
2311472595217743872
5629585467113472
2455587782723108864
149744773509414912
2455587782723108864
149744773509414912
2455587782723108864
149744774050480128
2455587782723108864
149744774046285824
2311472594647252992
5629585433559040
2311472594647252992
5629585433559040
2311472594647252992
5629585974624256
2311472594647252992
5629585970429952
2455587782756728832
149744774084067328
2455587782756728832
149744774079840256
2455587783297728512
149744774084100096
2455587783293534208
149744774079905792
2311472594680872960
5629586008211456
2311472594680872960
5629586003984384
2311472595221872640
5629586008244224
2311472595217678336
5629586004049920
2455587783264206848
149744773509414912
2455587783259979776
149744773509414912
2455587782723108864
149744773509414912
2455587782723108864
149744773509414912
2311472595188350976
5629585433559040
2311472595184123904
5629585433559040
2311472594647252992
5629585433559040
2311472594647252992
5629585433559040
2455587782756663296
149744773543034880
2455587782756663296
149744773543034880
2455587782756728832
149744774084034560
2455587782756728832
149744774079840256
2311472594680807424
5629585467179008
2311472594680807424
5629585467179008
2311472594680872960
5629586008178688
2311472594680872960
5629586003984384
2455587783264206848
149744774050512896
2455587783259979776
149744774046285824
2455587783264174080
149744773509414912
2455587783259979776
149744773509414912
2311472595188350976
5629585974657024
2311472595184123904
5629585970429952
2311472595188318208
5629585433559040
2311472595184123904
5629585433559040
---
4911175566595588352
4622945190443876608
4911175566595457024
4622945190443745280
299489548168200448
11259172016488704
299489548168069120
11259172016357376
4911175566595588096
4622945190443876352
4911175566595457024
4622945190443745280
299489548168200192
11259172016488448
299489548168069120
11259172016357376
4911175566528348160
4622945190376636416
4911175566528348160
4622945190376636416
299489548100960256
11259171949248512
299489548100960256
11259171949248512
4911175566528348160
4622945190376636416
4911175566528348160
4622945190376636416
299489548100960256
11259171949248512
299489548100960256
11259171949248512
4911175566587199744
4622945190435488000
4911175566587068416
4622945190435356672
299489548159811840
11259172008100096
299489548159680512
11259172007968768
4911175566587199488
4622945190435487744
4911175566587068416
4622945190435356672
299489548159811584
11259172008099840
299489548159680512
11259172007968768
4911175566519959552
4622945190368247808
4911175566519959552
4622945190368247808
299489548092571648
11259171940859904
299489548092571648
11259171940859904
4911175566519959552
4622945190368247808
4911175566519959552
4622945190368247808
299489548092571648
11259171940859904
299489548092571648
11259171940859904
4911175565513457920
4622945189361746176
4911175565513326592
4622945189361614848
299489547086070016
11259170934358272
299489547085938688
11259170934226944
4911175565513457664
4622945189361745920
4911175565513326592
4622945189361614848
299489547086069760
11259170934358016
299489547085938688
11259170934226944
4911175565446217728
4622945189294505984
4911175565446217728
4622945189294505984
299489547018829824
11259170867118080
299489547018829824
11259170867118080
4911175565446217728
4622945189294505984
4911175565446217728
4622945189294505984
299489547018829824
11259170867118080
299489547018829824
11259170867118080
4911175565513457920
4622945189361746176
4911175565513326592
4622945189361614848
299489547086070016
11259170934358272
299489547085938688
11259170934226944
4911175565513457664
4622945189361745920
4911175565513326592
4622945189361614848
299489547086069760
11259170934358016
299489547085938688
11259170934226944
4911175565446217728
4622945189294505984
4911175565446217728
4622945189294505984
299489547018829824
11259170867118080
299489547018829824
11259170867118080
4911175565446217728
4622945189294505984
4911175565446217728
4622945189294505984
299489547018829824
11259170867118080
299489547018829824
11259170867118080
---
9822351133174399489
9822351133039919104
9245890380870713344
9245890380736495616
9822351133039919104
598979096319361024
9245890380736495616
22518344016199680
598979096319623681
598979096185143296
22518344015937536
22518343881719808
598979096185143296
9822351131026653184
22518343881719808
9245890378723491840
9822351131026915841
9822351130892435456
9245890378723229696
9245890378589011968
9822351130892435456
598979094171877376
9245890378589011968
22518341868716032
598979094172140033
598979094037659648
22518341868453888
22518341734236160
598979094037659648
9822351133174399488
22518341734236160
9245890380870713344
9822351133174398976
9822351133039919104
9245890380870713344
9245890380736495616
9822351133039919104
598979096319623680
9245890380736495616
22518344015937536
598979096319623168
598979096185143296
22518344015937536
22518343881719808
598979096185143296
9822351131026915840
22518343881719808
9245890378723229696
9822351131026915328
9822351130892435456
9245890378723229696
9245890378589011968
9822351130892435456
598979094172140032
9245890378589011968
22518341868453888
598979094172139520
598979094037659648
22518341868453888
22518341734236160
598979094037659648
9822351133174398976
22518341734236160
9245890380870713344
9822351133174136832
9822351133039919104
9245890380870976001
9245890380736495616
9822351133039919104
598979096319623168
9245890380736495616
22518344015937536
598979096319361024
598979096185143296
22518344016200193
22518343881719808
598979096185143296
9822351131026915328
22518343881719808
9245890378723229696
9822351131026653184
9822351130892435456
9245890378723492353
9245890378589011968
9822351130892435456
598979094172139520
9245890378589011968
22518341868453888
598979094171877376
598979094037659648
22518341868716545
22518341734236160
598979094037659648
9822351133174136832
22518341734236160
9245890380870976000
9822351133174136832
9822351133039919104
9245890380870975488
9245890380736495616
9822351133039919104
598979096319361024
9245890380736495616
22518344016200192
598979096319361024
598979096185143296
22518344016199680
22518343881719808
598979096185143296
9822351131026653184
22518343881719808
9245890378723492352
9822351131026653184
9822351130892435456
9245890378723491840
9245890378589011968
9822351130892435456
598979094171877376
9245890378589011968
22518341868716544
598979094171877376
598979094037659648
22518341868716032
22518341734236160
598979094037659648
9822351133174136832
22518341734236160
9245890380870975488
---
1197958188344280066
1197958188344279040
1197958188075319296
1197958188075319296
1197958188344280064
1197958188344279040
1197958188075319296
1197958188075319296
45036683736907776
45036683736907776
45036683468472320
45036683468472320
45036683736907776
45036683736907776
45036683468472320
45036683468472320
1197958188343754752
1197958188343754752
1197958188075319296
1197958188075319296
1197958188343754752
1197958188343754752
1197958188075319296
1197958188075319296
45036683737433090
45036683737432064
45036683468472320
45036683468472320
45036683737433088
45036683737432064
45036683468472320
45036683468472320
---
2323857683139004420
2323857683137953792
2323857683139002368
2323857683137953792
2323857682601082880
2323857682601082880
2323857682601082880
2323857682601082880
2323857683139004416
2323857683137953792
2323857683139002368
2323857683137953792
2323857682601082880
2323857682601082880
2323857682601082880
2323857682601082880
18014673925310468
18014673924259840
18014673925308416
18014673924259840
18014673387388928
18014673387388928
18014673387388928
18014673387388928
18014673925310464
18014673924259840
18014673925308416
18014673924259840
18014673387388928
18014673387388928
18014673387388928
18014673387388928
---
144117404414255168
144117404278980608
144117387099111424
144117387099111424
144117404413198336
144117404278980608
144117387099111424
144117387099111424
144117404414255104
144117404278980608
144117387099111424
144117387099111424
144117404413198336
144117404278980608
144117387099111424
144117387099111424
144117404414246912
144117404278980608
144117387099111424
144117387099111424
144117404413198336
144117404278980608
144117387099111424
144117387099111424
144117404414246912
144117404278980608
144117387099111424
144117387099111424
144117404413198336
144117404278980608
144117387099111424
144117387099111424
---
360293502378066048
360293467747778560
360293502378065920
360293467747778560
360293502375952384
360293467747778560
360293502375952384
360293467747778560
360293502107516928
360293467747778560
360293502107516928
360293467747778560
360293502107516928
360293467747778560
360293502107516928
360293467747778560
360293502107516928
360293467747778560
360293502107516928
360293467747778560
360293502107516928
360293467747778560
360293502107516928
360293467747778560
360293502378049536
360293467747778560
360293502378049536
360293467747778560
360293502375952384
360293467747778560
360293502375952384
360293467747778560
---
720587009051099136
720586935495557120
720587009046872064
720587009051066368
720586935495557120
720587009046872064
720586935495557120
720586935495557120
720587008510001152
720586935495557120
720587008510001152
720587008510001152
720587004756131840
720587008510001152
720587004751904768
720587004756099072
720586939790524416
720587004751904768
720586939790524416
720586939790524416
720587004215033856
720586939790524416
720587004215033856
720587004215033856
720586939790524416
720587004215033856
720586939790524416
720586939790524416
720586935495557120
720586939790524416
720586935495557120
720586935495557120
---
1441174018118909952
1441174018110521344
1441174017036779520
1441174017036779520
1441174009512198144
1441174009503809536
1441174008430067712
1441174008430067712
1441174018102132736
1441174018093744128
1441174017020002304
1441174017020002304
1441174009512198144
1441174009503809536
1441174008430067712
1441174008430067712
1441173879597826048
1441173879597826048
1441173879597826048
1441173879597826048
1441173870991114240
1441173870991114240
1441173870991114240
1441173870991114240
1441173879581048832
1441173879581048832
1441173879581048832
1441173879581048832
1441173870991114240
1441173870991114240
1441173870991114240
1441173870991114240
---
2882348036221108224
2882348034073624576
2882347741982228480
2882347741982228480
2882348036221042688
2882348034073559040
2882347741982228480
2882347741982228480
2882347759195717632
2882347759195717632
2882348019007619072
2882348016860135424
2882347759195652096
2882347759195652096
2882348019007619072
2882348016860135424
2882348036187488256
2882348034040004608
2882347741982228480
2882347741982228480
2882348036187488256
2882348034040004608
2882347741982228480
2882347741982228480
2882347759162097664
2882347759162097664
2882348019007619072
2882348016860135424
2882347759162097664
2882347759162097664
2882348019007619072
2882348016860135424
---
5764696068147249408
5764696068080009216
5764696033720270848
5764696033720270848
5764696068147249152
5764696068080009216
5764696033720270848
5764696033720270848
5764695518391435520
5764695518324195328
5764695483964456960
5764695483964456960
5764695518391435264
5764695518324195328
5764695483964456960
5764695483964456960
5764696068147118080
5764696068080009216
5764696033720270848
5764696033720270848
5764696068147118080
5764696068080009216
5764696033720270848
5764696033720270848
5764695518391304192
5764695518324195328
5764695483964456960
5764695483964456960
5764695518391304192
5764695518324195328
5764695483964456960
5764695483964456960
---
11529391036782871041
11529390967928913920
11529391036648390656
11529390967928913920
11529391036782871040
11529390967928913920
11529391036648390656
11529390967928913920
11529391036782608384
11529390967928913920
11529391036782870528
11529390967928913920
11529391036782608384
11529390967928913920
11529391036782870528
11529390967928913920
11529391036648390656
11529390967928913920
11529391036782608384
11529390967928913920
11529391036648390656
11529390967928913920
11529391036782608384
11529390967928913920
11529391036648390656
11529390967928913920
11529391036648390656
11529390967928913920
11529391036648390656
11529390967928913920
11529391036648390656
11529390967928913920
---
4611756524879479810
4611756387171565568
4611756524878954496
4611756387171565568
4611756524879479808
4611756387171565568
4611756524878954496
4611756387171565568
4611756387171565568
4611756524879478784
4611756387171565568
4611756524878954496
4611756387171565568
4611756524879478784
4611756387171565568
4611756524878954496
4611756524610519040
4611756387171565568
4611756524610519040
4611756387171565568
4611756524610519040
4611756387171565568
4611756524610519040
4611756387171565568
4611756387171565568
4611756524610519040
4611756387171565568
4611756524610519040
4611756387171565568
4611756524610519040
4611756387171565568
4611756524610519040
---
567382630219904
567382630219776
567382630203392
567382630203392
562949953421312
562949953421312
562949953421312
562949953421312
567382628106240
567382628106240
567382628106240
567382628106240
562949953421312
562949953421312
562949953421312
562949953421312
562949953421312
562949953421312
562949953421312
562949953421312
567347999932416
567347999932416
567347999932416
567347999932416
562949953421312
562949953421312
562949953421312
562949953421312
567347999932416
567347999932416
567347999932416
567347999932416
567382359670784
567382359670784
567382359670784
567382359670784
562949953421312
562949953421312
562949953421312
562949953421312
567382359670784
567382359670784
567382359670784
567382359670784
562949953421312
562949953421312
562949953421312
562949953421312
562949953421312
562949953421312
562949953421312
562949953421312
567347999932416
567347999932416
567347999932416
567347999932416
562949953421312
562949953421312
562949953421312
562949953421312
567347999932416
567347999932416
567347999932416
567347999932416
---
1416240237150208
1416170976575488
1416240237117440
1416170976575488
1416240232923136
1416170976575488
1416240232923136
1416170976575488
1416239696052224
1416170976575488
1416239696052224
1416170976575488
1416239696052224
1416170976575488
1416239696052224
1416170976575488
1407374883553280
1407374883553280
1407374883553280
1407374883553280
1407374883553280
1407374883553280
1407374883553280
1407374883553280
1407374883553280
1407374883553280
1407374883553280
1407374883553280
1407374883553280
1407374883553280
1407374883553280
1407374883553280
---
2833579985862656
2814749767106560
2833579977474048
2832480474234880
2815849278734336
2832480465846272
2815849278734336
2814749767106560
2833578903732224
2814749767106560
2833578903732224
2832479392104448
2815849278734336
2832479392104448
2815849278734336
2814749767106560
2833441464778752
2814749767106560
2833441464778752
2832341953150976
2815849278734336
2832341953150976
2815849278734336
2814749767106560
2833441464778752
2814749767106560
2833441464778752
2832341953150976
2815849278734336
2832341953150976
2815849278734336
2814749767106560
---
5667164249915392
5667162102431744
5666887224524800
5666887224524800
5664960931692544
5664958784208896
5664683906301952
5664683906301952
5667159954948096
5667157807464448
5666882929557504
5666882929557504
5664960931692544
5664958784208896
5664683906301952
5664683906301952
5631702852435968
5631702852435968
5631702852435968
5631702852435968
5629499534213120
5629499534213120
5629499534213120
5629499534213120
5631698557468672
5631698557468672
5631698557468672
5631698557468672
5629499534213120
5629499534213120
5629499534213120
5629499534213120
---
11334324221640704
11329917568417792
11333774465826816
11329367812603904
11263405721649152
11258999068426240
11263405721649152
11258999068426240
11334315614928896
11329917568417792
11333765859115008
11329367812603904
11263397114937344
11258999068426240
11263397114937344
11258999068426240
11334315614928896
11329917568417792
11333765859115008
11329367812603904
11263397114937344
11258999068426240
11263397114937344
11258999068426240
11334324204863488
11329917568417792
11333774449049600
11329367812603904
11263405704871936
11258999068426240
11263405704871936
11258999068426240
---
22667548931719168
22658735625207808
22667548898099200
22658735625207808
22526811443363840
22517998136852480
22526811409743872
22517998136852480
22667531718230016
22658735625207808
22667531718230016
22658735625207808
22526794229874688
22517998136852480
22526794229874688
22517998136852480
22667548931653632
22658735625207808
22667548898099200
22658735625207808
22526811443298304
22517998136852480
22526811409743872
22517998136852480
22667531718230016
22658735625207808
22667531718230016
22658735625207808
22526794229874688
22517998136852480
22526794229874688
22517998136852480
---
45053622886727936
45053622819487744
45035996273704960
45035996273704960
45053622886727680
45053622819487744
45035996273704960
45035996273704960
45053588459749376
45053588459749376
45035996273704960
45035996273704960
45053588459749376
45053588459749376
45035996273704960
45035996273704960
45053622886596608
45053622819487744
45035996273704960
45035996273704960
45053622886596608
45053622819487744
45035996273704960
45035996273704960
45053588459749376
45053588459749376
45035996273704960
45035996273704960
45053588459749376
45053588459749376
45035996273704960
45035996273704960
---
18049651735527937
18049582881570816
18014398509481984
18049582881570816
18049651735527936
18014398509481984
18014398509481984
18049582881570816
18014398509481984
18014398509481984
18049651601047552
18014398509481984
18014398509481984
18049582881570816
18049651601047552
18014398509481984
18014398509481984
18049582881570816
18049651735265280
18014398509481984
18014398509481984
18049582881570816
18049651735265280
18014398509481984
18049651601047552
18049582881570816
18014398509481984
18049582881570816
18049651601047552
18014398509481984
18014398509481984
18049582881570816
18014398509481984
18014398509481984
18049651735265280
18014398509481984
18014398509481984
18049582881570816
18049651735265280
18014398509481984
18049651601047552
18049582881570816
18014398509481984
18049582881570816
18049651601047552
18014398509481984
18014398509481984
18049582881570816
18049651735527424
18014398509481984
18014398509481984
18049582881570816
18049651735527424
18014398509481984
18014398509481984
18049582881570816
18014398509481984
18014398509481984
18049651601047552
18014398509481984
18014398509481984
18049582881570816
18049651601047552
18014398509481984
---
