4506076230453504
9534476655066743296
811795825247125528
9394825763364426832
144680411153842180
4855166408868249664
9224502476676792576
19848935817363456
9259471240241086534
5188199616016883784
468392026480582680
75045974049024
11529217253950095360
76566713373589504
1135248240828424
9295432380946980864
9286563238383069312
4616198500064428289
2344163532083826720
6053966032514588672
2378182355526352960
2308235838842505218
223218057611424
360326599159645186
5840642341611533
5771367359721842209
9241457908720665088
563087962833408
2534374303088648
288514050336587904
721706238354199712
1172345545893626656
2326639888572616
9259972718164714880
4574174530110464
1152994074522288256
1130315137421328
576884072891613312
9299961272361714720
4830110895706768896
1139232630376448
1729457032425119744
720858549260919044
148637617510941728
2260600268783680
5772787958339864640
758857739811427864
578713790686691840
9223943800121458688
54120170200891540
36046803739615232
729587606945792258
573464572985346
432363298164376576
9227898210964488192
4613947718207864832
9367505100854272064
9007547216371712
18864604187656
2392542136010754
9223693164582289672
605752017012920449
4701776841202204800
74362244128858624
