36029829962792992
4629753203158704128
36055738006642688
9259444814414417920
11673347860759314944
4755854155027841292
1297037931915248128
36029346961572096
10452995611128004612
5782692290825814084
2342434917251678224
140806209405056
1297177481735833602
288512135000228096
1407658351657216
140742865453312
3530857841995038724
4733283484318048260
9367505917165242432
4900059880980811776
72761831369745408
1153062792052347393
292879111484452872
565149530341508
4990621742331494432
4503884168962048
1154613111837253696
8088537507115837472
579839012518004736
1297600200983449636
145139846611456
396620241007845457
292769435305903232
9295571193056731136
217712194232449
142180605757441
4611967562207463424
3558021783372288
775789158080741968
4683889849491521668
40957118545920
198158937118244928
105575681687568
9024795769896992
222928354175680532
2814770839420944
544972972683952176
10295902116904977
1155211237655593216
4611827168236798336
1297353635574854144
9232520007960756608
2306125055691063552
1126452147912832
1225119857610195072
9223377536895959552
17871361048585
38845060763173122
144696830802788365
290763792828072069
563023104181314
2814767215478786
19860088367108
13837314545250500642
